('01_화성_동탄면_JY_000', 0, 500, 0)
('01_화성_동탄면_JY_001', 0, 500, 0)
('01_화성_동탄면_JY_002', 0, 500, 0)
('01_화성_동탄면_JY_003', 0, 500, 0)
('01_화성_동탄면_JY_004', 0, 500, 0)
('01_화성_동탄면_JY_005', 0, 500, 0)
('01_화성_동탄면_JY_006', 0, 500, 0)
('01_화성_동탄면_JY_007', 0, 500, 0)
('01_화성_동탄면_JY_008', 100, 500, 1)
('01_화성_동탄면_JY_009', 300, 500, 3)
('01_화성_동탄면_JY_010', 400, 500, 4)
('01_화성_동탄면_JY_011', 0, 500, 0)
('01_화성_동탄면_JY_012', 0, 500, 0)
('01_화성_동탄면_JY_013', 100, 500, 1)
('01_화성_동탄면_JY_014', 0, 500, 0)
('01_화성_동탄면_JY_015', 0, 500, 0)
('02_수원_하광교동_JY_000', 0, 0, 0)
('02_수원_하광교동_JY_001', 0, 500, 0)
('02_수원_하광교동_JY_002', 0, 500, 0)
('02_수원_하광교동_JY_003', 0, 500, 0)
('02_수원_하광교동_JY_004', 0, 500, 0)
('02_수원_하광교동_JY_005', 0, 500, 0)
('02_수원_하광교동_JY_006', 0, 500, 0)
('02_수원_하광교동_JY_007', 0, 500, 0)
('02_수원_하광교동_JY_008', 0, 500, 0)
('02_수원_하광교동_JY_009', 100, 500, 1)
('02_수원_하광교동_JY_010', 0, 500, 0)
('02_수원_하광교동_JY_011', 0, 500, 0)
('02_수원_하광교동_JY_012', 0, 500, 0)
('02_수원_하광교동_JY_013', 0, 500, 0)
('02_수원_하광교동_JY_014', 0, 500, 0)
('03_이천_관고동_JY_000', 0, 500, 0)
('03_이천_관고동_JY_001', 0, 500, 0)
('03_이천_관고동_JY_002', 0, 500, 0)
('03_이천_관고동_JY_003', 0, 500, 0)
('03_이천_관고동_JY_004', 0, 500, 0)
('03_이천_관고동_JY_005', 0, 500, 0)
('03_이천_관고동_JY_006', 0, 500, 0)
('03_이천_관고동_JY_007', 100, 500, 1)
('03_이천_관고동_JY_008', 0, 500, 0)
('03_이천_관고동_JY_009', 0, 500, 0)
('03_이천_관고동_JY_010', 0, 500, 0)
('03_이천_관고동_JY_011', 0, 500, 0)
('03_이천_관고동_JY_012', 0, 500, 0)
('03_이천_관고동_JY_013', 0, 500, 0)
('03_이천_관고동_JY_014', 0, 500, 0)
('03_이천_관고동_JY_015', 0, 500, 0)
('04_고양_덕은동_JIN_000', 0, 0, 0)
('04_고양_덕은동_JIN_001', 0, 500, 0)
('04_고양_덕은동_JIN_002', 0, 500, 0)
('04_고양_덕은동_JIN_003', 0, 500, 0)
('04_고양_덕은동_JIN_004', 0, 500, 0)
('04_고양_덕은동_JIN_005', 0, 500, 0)
('04_고양_덕은동_JIN_006', 0, 500, 0)
('04_고양_덕은동_JIN_007', 0, 500, 0)
('04_고양_덕은동_JIN_008', 0, 500, 0)
('04_고양_덕은동_JIN_009', 0, 500, 0)
('04_고양_덕은동_JIN_010', 0, 500, 0)
('04_고양_덕은동_JIN_011', 0, 500, 0)
('04_고양_덕은동_JIN_012', 600, 500, 6)
('04_고양_덕은동_JIN_013', 0, 500, 0)
('04_고양_덕은동_JIN_014', 0, 500, 0)
('04_고양_덕은동_JIN_015', 0, 500, 0)
('04_고양_덕은동_JIN_016', 0, 500, 0)
('04_고양_덕은동_JIN_017', 0, 500, 0)
('04_고양_덕은동_JIN_018', 0, 500, 0)
('04_고양_덕은동_JIN_019', 0, 500, 0)
('04_고양_덕은동_JIN_020', 0, 500, 0)
('04_고양_덕은동_JIN_021', 0, 500, 0)
('04_고양_덕은동_JIN_022', 0, 500, 0)
('04_고양_덕은동_JIN_023', 0, 500, 0)
('04_고양_덕은동_JIN_024', 0, 500, 0)
('05_고양_동산동_JIN_000', 0, 500, 0)
('05_고양_동산동_JIN_001', 0, 500, 0)
('05_고양_동산동_JIN_002', 0, 500, 0)
('05_고양_동산동_JIN_003', 0, 500, 0)
('05_고양_동산동_JIN_004', 0, 500, 0)
('05_고양_동산동_JIN_005', 0, 500, 0)
('05_고양_동산동_JIN_006', 0, 500, 0)
('05_고양_동산동_JIN_007', 0, 500, 0)
('05_고양_동산동_JIN_008', 0, 500, 0)
('05_고양_동산동_JIN_009', 100, 500, 1)
('05_고양_동산동_JIN_010', 0, 500, 0)
('05_고양_동산동_JIN_011', 0, 500, 0)
('05_고양_동산동_JIN_012', 0, 500, 0)
('05_고양_동산동_JIN_013', 0, 500, 0)
('05_고양_동산동_JIN_014', 0, 500, 0)
('05_고양_동산동_JIN_015', 0, 500, 0)
('06_고양_탄현동_JIN_000', 0, 500, 0)
('06_고양_탄현동_JIN_001', 0, 500, 0)
('06_고양_탄현동_JIN_002', 0, 500, 0)
('06_고양_탄현동_JIN_003', 0, 500, 0)
('06_고양_탄현동_JIN_004', 0, 500, 0)
('06_고양_탄현동_JIN_005', 0, 500, 0)
('06_고양_탄현동_JIN_006', 0, 500, 0)
('06_고양_탄현동_JIN_007', 0, 500, 0)
('06_고양_탄현동_JIN_008', 0, 500, 0)
('06_고양_탄현동_JIN_009', 0, 500, 0)
('06_고양_탄현동_JIN_010', 0, 500, 0)
('06_고양_탄현동_JIN_011', 100, 500, 1)
('06_고양_탄현동_JIN_012', 0, 500, 0)
('06_고양_탄현동_JIN_013', 0, 500, 0)
('06_고양_탄현동_JIN_014', 0, 500, 0)
('06_고양_탄현동_JIN_015', 0, 500, 0)
('06_고양_탄현동_JIN_016', 0, 500, 0)
('06_고양_탄현동_JIN_017', 0, 500, 0)
('06_고양_탄현동_JIN_018', 0, 500, 0)
('06_고양_탄현동_JIN_019', 0, 500, 0)
('08_용인_고기동01_JY_000', 0, 500, 0)
('08_용인_고기동01_JY_001', 100, 500, 1)
('08_용인_고기동01_JY_002', 0, 500, 0)
('08_용인_고기동01_JY_003', 600, 500, 6)
('08_용인_고기동01_JY_004', 0, 500, 0)
('08_용인_고기동01_JY_005', 100, 500, 1)
('08_용인_고기동01_JY_006', 0, 500, 0)
('08_용인_고기동01_JY_007', 100, 500, 1)
('08_용인_고기동01_JY_008', 0, 500, 0)
('08_용인_고기동01_JY_009', 0, 500, 0)
('08_용인_고기동01_JY_010', 200, 500, 2)
('08_용인_고기동01_JY_011', 0, 500, 0)
('08_용인_고기동01_JY_012', 0, 500, 0)
('08_용인_고기동01_JY_013', 100, 500, 1)
('08_용인_고기동01_JY_014', 0, 500, 0)
('08_용인_고기동01_JY_015', 0, 500, 0)
('08_용인_고기동02_JY_000', 0, 500, 0)
('08_용인_고기동02_JY_001', 100, 500, 1)
('08_용인_고기동02_JY_002', 0, 500, 0)
('08_용인_고기동02_JY_003', 0, 0, 0)
('08_용인_고기동02_JY_004', 0, 500, 0)
('08_용인_고기동02_JY_005', 0, 500, 0)
('08_용인_고기동02_JY_006', 100, 500, 1)
('08_용인_고기동02_JY_007', 0, 500, 0)
('08_용인_고기동02_JY_008', 0, 500, 0)
('08_용인_고기동02_JY_009', 100, 500, 1)
('08_용인_고기동02_JY_010', 0, 500, 0)
('08_용인_고기동02_JY_011', 0, 500, 0)
('08_용인_고기동02_JY_012', 0, 500, 0)
('08_용인_고기동02_JY_013', 0, 500, 0)
('08_용인_고기동02_JY_014', 0, 500, 0)
('08_용인_고기동02_JY_015', 100, 500, 1)
('08_용인_고기동02_JY_016', 0, 0, 0)
('08_용인_고기동02_JY_017', 0, 500, 0)
('08_용인_고기동02_JY_018', 0, 500, 0)
('08_용인_고기동02_JY_019', 200, 500, 2)
('08_용인_고기동03_JY_000', 0, 0, 0)
('08_용인_고기동03_JY_001', 0, 500, 0)
('08_용인_고기동03_JY_002', 0, 500, 0)
('08_용인_고기동03_JY_003', 0, 500, 0)
('08_용인_고기동03_JY_004', 0, 500, 0)
('08_용인_고기동03_JY_005', 0, 500, 0)
('08_용인_고기동03_JY_006', 0, 500, 0)
('08_용인_고기동03_JY_007', 0, 500, 0)
('08_용인_고기동03_JY_008', 0, 500, 0)
('08_용인_고기동03_JY_009', 100, 500, 1)
('08_용인_고기동03_JY_010', 0, 500, 0)
('08_용인_고기동03_JY_011', 0, 500, 0)
('08_용인_고기동03_JY_012', 0, 500, 0)
('08_용인_고기동03_JY_013', 0, 500, 0)
('08_용인_고기동03_JY_014', 0, 500, 0)
('08_용인_고기동04_JY_000', 0, 500, 0)
('08_용인_고기동04_JY_001', 0, 500, 0)
('08_용인_고기동04_JY_002', 0, 500, 0)
('08_용인_고기동04_JY_003', 100, 500, 1)
('08_용인_고기동04_JY_004', 100, 500, 1)
('08_용인_고기동04_JY_005', 0, 500, 0)
('08_용인_고기동04_JY_006', 200, 500, 2)
('08_용인_고기동04_JY_007', 0, 500, 0)
('08_용인_고기동04_JY_008', 600, 500, 6)
('08_용인_고기동05_JY_000', 0, 500, 0)
('08_용인_고기동05_JY_001', 0, 500, 0)
('08_용인_고기동05_JY_002', 0, 500, 0)
('08_용인_고기동05_JY_003', 0, 500, 0)
('08_용인_고기동05_JY_004', 0, 0, 0)
('08_용인_고기동05_JY_005', 0, 500, 0)
('08_용인_고기동05_JY_006', 0, 500, 0)
('08_용인_고기동05_JY_007', 0, 500, 0)
('08_용인_고기동05_JY_008', 100, 500, 1)
('08_용인_고기동05_JY_009', 0, 500, 0)
('08_용인_고기동05_JY_010', 0, 500, 0)
('08_용인_고기동05_JY_011', 0, 500, 0)
('08_용인_고기동05_JY_012', 0, 500, 0)
('08_용인_고기동05_JY_013', 0, 500, 0)
('08_용인_고기동05_JY_014', 0, 500, 0)
('09_용인_모현면01_JY_000', 0, 0, 0)
('09_용인_모현면01_JY_001', 0, 0, 0)
('09_용인_모현면01_JY_002', 0, 500, 0)
('09_용인_모현면01_JY_003', 0, 500, 0)
('09_용인_모현면01_JY_004', 0, 500, 0)
('09_용인_모현면01_JY_005', 0, 500, 0)
('09_용인_모현면01_JY_006', 0, 0, 0)
('09_용인_모현면01_JY_007', 0, 500, 0)
('09_용인_모현면01_JY_008', 0, 500, 0)
('09_용인_모현면01_JY_009', 0, 500, 0)
('09_용인_모현면01_JY_010', 600, 500, 6)
('09_용인_모현면01_JY_011', 0, 500, 0)
('09_용인_모현면01_JY_012', 0, 500, 0)
('09_용인_모현면01_JY_013', 0, 500, 0)
('09_용인_모현면01_JY_014', 0, 500, 0)
('09_용인_모현면01_JY_015', 0, 500, 0)
('09_용인_모현면01_JY_016', 0, 500, 0)
('09_용인_모현면01_JY_017', 0, 500, 0)
('09_용인_모현면01_JY_018', 0, 500, 0)
('09_용인_모현면01_JY_019', 0, 500, 0)
('09_용인_모현면01_JY_020', 0, 500, 0)
('09_용인_모현면01_JY_021', 0, 500, 0)
('09_용인_모현면01_JY_022', 0, 500, 0)
('09_용인_모현면01_JY_023', 0, 0, 0)
('09_용인_모현면02_JY_000', 0, 500, 0)
('09_용인_모현면02_JY_001', 100, 500, 1)
('09_용인_모현면02_JY_002', 0, 500, 0)
('09_용인_모현면02_JY_003', 0, 500, 0)
('09_용인_모현면02_JY_004', 0, 500, 0)
('09_용인_모현면02_JY_005', 100, 500, 1)
('09_용인_모현면02_JY_006', 200, 500, 2)
('09_용인_모현면02_JY_007', 400, 500, 4)
('09_용인_모현면02_JY_008', 500, 500, 5)
('09_용인_모현면02_JY_009', 0, 500, 0)
('09_용인_모현면02_JY_010', 0, 500, 0)
('09_용인_모현면02_JY_011', 0, 500, 0)
('09_용인_모현면02_JY_012', 300, 500, 3)
('09_용인_모현면02_JY_013', 0, 500, 0)
('09_용인_모현면02_JY_014', 100, 500, 1)
('10_군포_산본동01_JY_000', 0, 500, 0)
('10_군포_산본동01_JY_001', 0, 500, 0)
('10_군포_산본동01_JY_002', 0, 500, 0)
('10_군포_산본동01_JY_003', 0, 500, 0)
('10_군포_산본동01_JY_004', 0, 500, 0)
('10_군포_산본동01_JY_005', 0, 500, 0)
('10_군포_산본동01_JY_006', 0, 500, 0)
('10_군포_산본동01_JY_007', 0, 500, 0)
('10_군포_산본동02_JY_000', 0, 500, 0)
('10_군포_산본동02_JY_001', 0, 500, 0)
('10_군포_산본동02_JY_002', 0, 500, 0)
('10_군포_산본동02_JY_003', 0, 500, 0)
('10_군포_산본동02_JY_004', 0, 500, 0)
('10_군포_산본동02_JY_005', 0, 500, 0)
('10_군포_산본동02_JY_006', 0, 500, 0)
('10_군포_산본동02_JY_007', 0, 500, 0)
('10_군포_산본동02_JY_008', 0, 500, 0)
('10_군포_산본동02_JY_009', 0, 500, 0)
('10_군포_산본동02_JY_010', 0, 500, 0)
('10_군포_산본동02_JY_011', 0, 500, 0)
('10_군포_산본동03_JY_000', 0, 500, 0)
('10_군포_산본동03_JY_001', 0, 500, 0)
('10_군포_산본동03_JY_002', 0, 500, 0)
('10_군포_산본동03_JY_003', 0, 500, 0)
('10_군포_산본동03_JY_004', 0, 500, 0)
('10_군포_산본동03_JY_005', 0, 500, 0)
('10_군포_산본동03_JY_006', 0, 500, 0)
('10_군포_산본동03_JY_007', 0, 500, 0)
('10_군포_산본동03_JY_008', 0, 0, 0)
('10_군포_산본동03_JY_009', 0, 500, 0)
('10_군포_산본동03_JY_010', 0, 500, 0)
('10_군포_산본동03_JY_011', 0, 500, 0)
('10_군포_산본동03_JY_012', 0, 500, 0)
('10_군포_산본동03_JY_013', 0, 500, 0)
('10_군포_산본동03_JY_014', 0, 500, 0)
('11_연천군_동막리_JIN_000', 0, 500, 0)
=========== 920.3302409648895